[iter 0]:[0. 0. 0.],[0.0781 0.6666 0.9411],[0.6163 0.5395 0.4498],[0.9 0.5 0.9],[0.0001 0.0001 0.0001],[0.0277 0.0204 0.028 ],[0.4267 0.3607 0.2951],[0.8304 0.7597 0.6635],[0.734  0.6598 0.564 ],[0.2 0.7 0.2],[0.2 0.5 0.8],[0.  0.6 0.6],[0.3 0.4 0.5],[0.5 0.6 0.7],[0.1365 0.1231 0.1304],[0.3  0.3  0.92]
[iter 1]:[0. 0. 0.],[0.0781 0.6666 0.9411],[0.6081 0.5314 0.4424],[0.9 0.5 0.9],[0.0078 0.0041 0.0088],[0.043  0.0342 0.0436],[0.4181 0.3534 0.2899],[0.8281 0.7579 0.6623],[0.7271 0.652  0.5557],[0.2 0.7 0.2],[0.2 0.5 0.8],[0.  0.6 0.6],[0.4539 0.449  0.4588],[0.5 0.6 0.7],[0.1517 0.1378 0.1451],[0.3  0.3  0.92]
[iter 2]:[0.0007 0.001  0.0029],[0.0781 0.6666 0.9411],[0.6094 0.5319 0.4417],[0.9 0.5 0.9],[0.0145 0.0088 0.0155],[0.0552 0.046  0.0562],[0.4061 0.3415 0.2784],[0.825  0.7546 0.6593],[0.7217 0.6464 0.5502],[0.2 0.7 0.2],[0.2 0.5 0.8],[0.  0.6 0.6],[0.5119 0.4444 0.374 ],[0.5 0.6 0.7],[0.1658 0.1506 0.1565],[0.3  0.3  0.92]
[iter 3]:[0.0037 0.0021 0.0055],[0.0781 0.6666 0.9411],[0.6189 0.542  0.4522],[0.9 0.5 0.9],[0.021  0.0138 0.0212],[0.065  0.0558 0.0668],[0.3831 0.3221 0.2648],[0.8211 0.7506 0.6551],[0.7177 0.6422 0.546 ],[0.2 0.7 0.2],[0.2 0.5 0.8],[0.  0.6 0.6],[0.519  0.4441 0.3623],[0.5 0.6 0.7],[0.1784 0.1621 0.1667],[0.3  0.3  0.92]
[iter 4]:[0.0064 0.0034 0.0079],[0.0781 0.6666 0.9411],[0.6229 0.5461 0.456 ],[0.9 0.5 0.9],[0.0274 0.0193 0.0272],[0.073  0.0638 0.0754],[0.3719 0.3129 0.259 ],[0.8178 0.7471 0.6514],[0.7177 0.6422 0.5461],[0.2 0.7 0.2],[0.2 0.5 0.8],[0.  0.6 0.6],[0.5168 0.4418 0.3601],[0.5 0.6 0.7],[0.1845 0.1678 0.1718],[0.3  0.3  0.92]
[iter 5]:[0.0081 0.0045 0.0096],[0.0781 0.6666 0.9411],[0.6242 0.5473 0.4571],[0.9 0.5 0.9],[0.0334 0.0243 0.0326],[0.0804 0.0715 0.0837],[0.3667 0.3087 0.2563],[0.8167 0.7456 0.6498],[0.7178 0.6424 0.5463],[0.2 0.7 0.2],[0.2 0.5 0.8],[0.  0.6 0.6],[0.5145 0.4397 0.3582],[0.5 0.6 0.7],[0.1897 0.1725 0.1757],[0.3  0.3  0.92]
[iter 6]:[0.0101 0.0059 0.0116],[0.0781 0.6666 0.9411],[0.6241 0.5473 0.4571],[0.9 0.5 0.9],[0.0387 0.0292 0.0378],[0.0868 0.0779 0.0902],[0.365  0.3072 0.2553],[0.8166 0.7456 0.6498],[0.7179 0.6424 0.5464],[0.2 0.7 0.2],[0.2 0.5 0.8],[0.  0.6 0.6],[0.5132 0.4384 0.3571],[0.5 0.6 0.7],[0.1938 0.1761 0.1792],[0.3  0.3  0.92]
[iter 7]:[0.0115 0.0069 0.0131],[0.0781 0.6666 0.9411],[0.624  0.5472 0.4571],[0.9 0.5 0.9],[0.0428 0.033  0.0414],[0.0921 0.083  0.0954],[0.3644 0.3067 0.2551],[0.8166 0.7456 0.6498],[0.7179 0.6424 0.5464],[0.2 0.7 0.2],[0.2 0.5 0.8],[0.  0.6 0.6],[0.5121 0.4372 0.3557],[0.5 0.6 0.7],[0.1987 0.1806 0.1831],[0.3  0.3  0.92]
[iter 8]:[0.0128 0.008  0.0142],[0.0781 0.6666 0.9411],[0.6236 0.5468 0.4567],[0.9 0.5 0.9],[0.0463 0.0366 0.0457],[0.0972 0.0878 0.0999],[0.3656 0.3076 0.2553],[0.8166 0.7456 0.6498],[0.7179 0.6424 0.5464],[0.2 0.7 0.2],[0.2 0.5 0.8],[0.  0.6 0.6],[0.5115 0.4366 0.3552],[0.5 0.6 0.7],[0.202  0.1836 0.1857],[0.3  0.3  0.92]
[iter 9]:[0.0141 0.009  0.0153],[0.0781 0.6666 0.9411],[0.6233 0.5465 0.4565],[0.9 0.5 0.9],[0.0494 0.0396 0.0491],[0.1011 0.0915 0.1036],[0.368  0.3093 0.2559],[0.8166 0.7456 0.6498],[0.7179 0.6424 0.5464],[0.2 0.7 0.2],[0.2 0.5 0.8],[0.  0.6 0.6],[0.5112 0.4363 0.3549],[0.5 0.6 0.7],[0.2059 0.187  0.1885],[0.3  0.3  0.92]
[iter 10]:[0.0149 0.0094 0.0158],[0.0781 0.6666 0.9411],[0.6233 0.5465 0.4564],[0.9 0.5 0.9],[0.0517 0.0422 0.0519],[0.1052 0.0956 0.1076],[0.3694 0.3102 0.2562],[0.8166 0.7456 0.6498],[0.7179 0.6424 0.5464],[0.2 0.7 0.2],[0.2 0.5 0.8],[0.  0.6 0.6],[0.5112 0.4363 0.3549],[0.5 0.6 0.7],[0.2091 0.1898 0.1907],[0.3  0.3  0.92]
[iter 11]:[0.0157 0.0102 0.0166],[0.0781 0.6666 0.9411],[0.6233 0.5464 0.4563],[0.9 0.5 0.9],[0.0541 0.0443 0.054 ],[0.1081 0.0986 0.1112],[0.3726 0.3124 0.2569],[0.8166 0.7456 0.6498],[0.7178 0.6424 0.5464],[0.2 0.7 0.2],[0.2 0.5 0.8],[0.  0.6 0.6],[0.5118 0.437  0.3556],[0.5 0.6 0.7],[0.2127 0.1928 0.1931],[0.3  0.3  0.92]
[iter 12]:[0.0162 0.0106 0.017 ],[0.0781 0.6666 0.9411],[0.6233 0.5465 0.4564],[0.9 0.5 0.9],[0.0561 0.0463 0.0563],[0.1114 0.1018 0.1142],[0.3764 0.315  0.2577],[0.8166 0.7456 0.6498],[0.7178 0.6424 0.5464],[0.2 0.7 0.2],[0.2 0.5 0.8],[0.  0.6 0.6],[0.5125 0.4377 0.3563],[0.5 0.6 0.7],[0.2154 0.1952 0.1952],[0.3  0.3  0.92]
[iter 13]:[0.0166 0.0109 0.0175],[0.0781 0.6666 0.9411],[0.6235 0.5467 0.4565],[0.9 0.5 0.9],[0.0576 0.0477 0.0577],[0.1139 0.1044 0.1165],[0.3793 0.3171 0.2588],[0.8166 0.7456 0.6498],[0.7178 0.6424 0.5464],[0.2 0.7 0.2],[0.2 0.5 0.8],[0.  0.6 0.6],[0.5132 0.4383 0.3568],[0.5 0.6 0.7],[0.2185 0.1978 0.1972],[0.3  0.3  0.92]
[iter 14]:[0.0173 0.0116 0.0182],[0.0781 0.6666 0.9411],[0.6239 0.5472 0.457 ],[0.9 0.5 0.9],[0.0593 0.0496 0.0597],[0.117  0.1069 0.1188],[0.3815 0.3188 0.2597],[0.8166 0.7456 0.6498],[0.7179 0.6424 0.5464],[0.2 0.7 0.2],[0.2 0.5 0.8],[0.  0.6 0.6],[0.5146 0.4397 0.3582],[0.5 0.6 0.7],[0.2208 0.1999 0.199 ],[0.3  0.3  0.92]
[iter 15]:[0.0178 0.0119 0.0185],[0.0781 0.6666 0.9411],[0.624  0.5473 0.4571],[0.9 0.5 0.9],[0.0608 0.0512 0.0619],[0.1204 0.11   0.1214],[0.3836 0.3202 0.2602],[0.8166 0.7456 0.6498],[0.7179 0.6424 0.5464],[0.2 0.7 0.2],[0.2 0.5 0.8],[0.  0.6 0.6],[0.5151 0.4402 0.3585],[0.5 0.6 0.7],[0.2231 0.2019 0.2007],[0.3  0.3  0.92]
[iter 16]:[0.0182 0.0123 0.0191],[0.0781 0.6666 0.9411],[0.6242 0.5474 0.4572],[0.9 0.5 0.9],[0.0624 0.0529 0.0634],[0.1237 0.1132 0.1245],[0.3854 0.3215 0.2609],[0.8166 0.7456 0.6498],[0.7179 0.6424 0.5464],[0.2 0.7 0.2],[0.2 0.5 0.8],[0.  0.6 0.6],[0.5157 0.4408 0.3592],[0.5 0.6 0.7],[0.2264 0.2045 0.2027],[0.3  0.3  0.92]
[iter 17]:[0.0189 0.0129 0.0197],[0.0781 0.6666 0.9411],[0.6244 0.5475 0.4574],[0.9 0.5 0.9],[0.0638 0.0542 0.0648],[0.1258 0.115  0.1261],[0.3882 0.3237 0.262 ],[0.8166 0.7456 0.6498],[0.718  0.6425 0.5464],[0.2 0.7 0.2],[0.2 0.5 0.8],[0.  0.6 0.6],[0.5164 0.4416 0.36  ],[0.5 0.6 0.7],[0.2295 0.2071 0.2046],[0.3  0.3  0.92]
[iter 18]:[0.019  0.013  0.0198],[0.0781 0.6666 0.9411],[0.6245 0.5477 0.4575],[0.9 0.5 0.9],[0.0645 0.055  0.066 ],[0.1278 0.1169 0.1276],[0.3899 0.3249 0.2626],[0.8166 0.7456 0.6498],[0.718  0.6425 0.5464],[0.2 0.7 0.2],[0.2 0.5 0.8],[0.  0.6 0.6],[0.517  0.4421 0.3605],[0.5 0.6 0.7],[0.2308 0.2083 0.2056],[0.3  0.3  0.92]
[iter 19]:[0.0194 0.0133 0.02  ],[0.0781 0.6666 0.9411],[0.6248 0.5479 0.4577],[0.9 0.5 0.9],[0.0656 0.0563 0.0674],[0.1302 0.1189 0.1297],[0.3912 0.3262 0.2637],[0.8166 0.7456 0.6498],[0.718  0.6425 0.5464],[0.2 0.7 0.2],[0.2 0.5 0.8],[0.  0.6 0.6],[0.5175 0.4426 0.3609],[0.5 0.6 0.7],[0.2333 0.2101 0.2065],[0.3  0.3  0.92]
